0 4.48169
0.01 4.68578
0.02 3.87499
0.03 4.19803
0.04 5.91858
0.05 4.45767
0.06 4.14585
0.07 5.16081
0.08 5.43503
0.09 3.84243
0.1 5.82799
0.11 5.08575
0.12 6.51564
0.13 3.33126
0.14 3.47678
0.15 4.92782
0.16 4.81003
0.17 7.55247
0.18 6.03229
0.19 4.48513
0.2 7.51403
0.21 5.3086
0.22 3.74314
0.23 4.79898
0.24 5.11595
0.25 6.56026
0.26 8.12352
0.27 7.7265
0.28 6.82757
0.29 6.74051
0.3 9.27394
0.31 7.9958
0.32 9.11894
0.33 7.3929
0.34 7.3911
0.35 9.556
0.36 8.77024
0.37 8.69736
0.38 9.08677
0.39 9.15242
0.4 10.8655
0.41 10.6007
0.42 10.3432
0.43 11.8254
0.44 10.4132
0.45 10.9349
0.46 11.735
0.47 13.5357
0.48 10.8534
0.49 13.9991
0.5 13.5881
0.51 14.4351
0.52 15.1634
0.53 14.66
0.54 16.7787
0.55 16.6306
0.56 19.1757
0.57 17.9784
0.58 18.2644
0.59 20.6267
0.6 21.4158
0.61 22.4704
0.62 22.3221
0.63 23.3192
0.64 25.1864
0.65 25.3431
0.66 26.6662
0.67 30.2076
0.68 31.192
0.69 32.5258
0.7 32.7149
0.71 37.0637
0.72 38.9921
0.73 41.2711
0.74 41.6117
0.75 43.4896
0.76 48.2993
0.77 50.51
0.78 52.1574
0.79 55.7913
0.8 59.7441
0.81 62.7167
0.82 68.2962
0.83 72.3253
0.84 77.0421
0.85 81.226
0.86 88.6798
0.87 95.1636
0.88 99.7495
0.89 108.237
0.9 117.751
0.91 126.523
0.92 134.822
0.93 143.089
0.94 155.31
0.95 164.082
0.96 180.293
0.97 193.47
0.98 210.357
0.99 224.555
3.44488 -8.28293 7.80162 -2.93759 